20 20 0 20 0 16 20 0 23 0 0 0 11 0 0 0
16 0 0 11 0 0 8 0 0 13 0 15 0 14 13 0
11 148 23 25 0 21 23 0 20 0 16 18 15 0 0
16 0 0 11 0 0 8 0 0 13 0 15 0 14 13 0
11 148 23 25 0 21 23 0 20 0 16 18 15 0 0
0 0 23 22 21 19 0 20 0 12 13 16 0 13 16 18
0 0 23 22 21 19 0 20 0 28 0 28 28 0 0 0
0 0 23 22 21 19 0 20 0 12 13 16 0 13 16 18
0 0 19 0 0 18 0 0 16 0 0 0 0 0 0 0
0 0 23 22 21 19 0 20 0 12 13 16 0 13 16 18
0 0 23 22 21 19 0 20 0 28 0 28 28 0 0 0
0 0 23 22 21 19 0 20 0 12 13 16 0 13 16 18
0 0 19 0 0 18 0 0 16 0 0 0 0 0 0 0
16 16 0 16 0 16 18 0 20 16 0 13 11 0 0 0
16 16 0 16 0 16 18 20 0 0 0 0 0 0 0 0
16 16 0 16 0 16 18 0 20 16 0 13 11 0 0 0
